=== node 192.168.2.61 ===
Inter-|   Receive                                                |  Transmit
 face |bytes    packets errs drop fifo frame compressed multicast|bytes    packets errs drop fifo colls carrier compressed
    lo: 701287887422 2062622293    0    0    0     0          0         0 701287887422 2062622293    0    0    0     0       0          0
 bond0:       0       0    0    0    0     0          0         0        0       0    0    0    0     0       0          0
dummy0:       0       0    0    0    0     0          0         0        0       0    0    0    0     0       0          0
 teql0:       0       0    0    0    0     0          0         0        0       0    0    0    0     0       0          0
 tunl0:       0       0    0    0    0     0          0         0        0       0    0    0    0     0       0          0
  sit0:       0       0    0    0    0     0          0         0        0       0    0    0    0     0       0          0
ip6tnl0:       0       0    0    0    0     0          0         0        0       0    0    0    0     0       0          0
enp0s31f6: 1892652146130 2811163896    0 3953970    0     0          0    107947 1745268142826 2668441853    0  592    0     0       0          0
cilium_net: 1270818   19049    0    0    0     0          0         0      440       4    0    0    0     0       0          0
cilium_host:     440       4    0    0    0     0          0         0  1270818   19049    0    0    0     0       0          0
cilium_vxlan: 1273593292772 1022380779    0    0    0     0          0         0 808599416381 944940280    0    0    0     0       0          0
lxc36d01c26963f: 1352546507 2342764    0    0    0     0          0         0 260475124 2290703    0    0    0     0       0          0
lxca67a5b26b8a1: 102743985 1252725    0    0    0     0          0         0 5138448669 1554052    0    0    0     0       0          0
lxc20294cc43f8b: 19329152  232806    0    0    0     0          0         0 29209333  198334    0    0    0     0       0          0
lxcb6994d805be0: 36560963844 216680586    0    0    0     0          0         0 284501560007 218680137    0    0    0     0       0          0
lxcfd226955c115: 12158758569 5099901    0    0    0     0          0         0 9375109640 8289409    0    0    0     0       0          0
lxcc233b65e90da: 84224591  969932    0    0    0     0          0         0 5126575337 1151262    0    0    0     0       0          0
lxc5387bb22a0f3: 407426575359 69600577    0    0    0     0          0         0 28356786093 108171944    0    0    0     0       0          0
lxc51d593e7f24c: 2716023505 6291793    0    0    0     0          0         0 3041576485 6365647    0    0    0     0       0          0
lxc54d166118383: 390470473 4471040    0    0    0     0          0         0 2367270279 5279574    0    0    0     0       0          0
lxc5baaeb8e7656: 5079557346 12594811    0    0    0     0          0         0 3241290875 10863787    0    0    0     0       0          0
lxcfd2adb06c5bb: 3326122224 11468267    0    0    0     0          0         0 6861334533 13400265    0    0    0     0       0          0
lxcffe3abb97d88: 33395622901 223461239    0    0    0     0          0         0 28360081544 242011565    0    0    0     0       0          0
lxc5a3eede5f6fc: 1639018932 8556600    0    0    0     0          0         0 3307142289 7601191    0    0    0     0       0          0
lxcd93de176c43e: 1046359206 7256255    0    0    0     0          0         0 1781718761 7992534    0    0    0     0       0          0
lxc953ad757b7e4: 66500233  768245    0    0    0     0          0         0 6806212496 1142480    0    0    0     0       0          0
lxc6f374d20ad8f: 365482884 2151708    0    0    0     0          0         0 199316432 2330834    0    0    0     0       0          0
lxca25c9b057cf6: 798104190 6688647    0    0    0     0          0         0 11260328898 7610227    0    0    0     0       0          0
lxc7ce08db71fe4: 16900642257 8826568    0    0    0     0          0         0 3982662582 11808341    0    0    0     0       0          0
lxc4de57ceef501: 821313279 4293007    0    0    0     0          0         0 3804237713 4172503    0    0    0     0       0          0
lxc8c9603ec8728: 319649039 1762795    0    0    0     0          0         0 4606894101 1747578    0    0    0     0       0          0
cilium_wg0: 1116303285392 1244401233    0    0    0     0          0         0 675354018200 997600299  273    7    0     0       0          0
enp0s31f6.110: 175570901149 44971378    0    0    0     0          0         0 45678281470 35456084    0    7    0     0       0          0
lxc462842c356c0: 76939233  194143    0    0    0     0          0         0 54363016  192015    0    0    0     0       0          0
lxc_health:  153998    2060    0    0    0     0          0         0   184758    2424    0    0    0     0       0          0
lxc9fb768ac20c6:  352786    4811    0    0    0     0          0         0     5030     109    0    0    0     0       0          0
lxcf5f4185560cf: 1994750   22230    0    0    0     0          0         0 102292398   24469    0    0    0     0       0          0
=== node 192.168.2.62 ===
Inter-|   Receive                                                |  Transmit
 face |bytes    packets errs drop fifo frame compressed multicast|bytes    packets errs drop fifo colls carrier compressed
    lo: 686755732149 2071647416    0    0    0     0          0         0 686755732149 2071647416    0    0    0     0       0          0
 bond0:       0       0    0    0    0     0          0         0        0       0    0    0    0     0       0          0
dummy0:       0       0    0    0    0     0          0         0        0       0    0    0    0     0       0          0
 teql0:       0       0    0    0    0     0          0         0        0       0    0    0    0     0       0          0
 tunl0:       0       0    0    0    0     0          0         0        0       0    0    0    0     0       0          0
  sit0:       0       0    0    0    0     0          0         0        0       0    0    0    0     0       0          0
ip6tnl0:       0       0    0    0    0     0          0         0        0       0    0    0    0     0       0          0
enp0s31f6: 770049991910 1878488432 364356 3952335    0 182179          0    107936 1454053828491 2136427291    0  572    0     0       0          0
cilium_net: 1097528   15575    0    0    0     0          0         0      440       4    0    0    0     0       0          0
cilium_host:     440       4    0    0    0     0          0         0  1097528   15575    0    0    0     0       0          0
cilium_vxlan: 303628790092 564400438    0    0    0     0          0         0 756772362641 476954560    0    0    0     0       0          0
lxc672d33a7582d: 392670247 4501660    0    0    0     0          0         0 2373411917 5431949    0    0    0     0       0          0
lxc97ece50def03: 5100308988 12735651    0    0    0     0          0         0 3245594533 11030299    0    0    0     0       0          0
lxcc89b163cf801: 1355290321 2344452    0    0    0     0          0         0 259302563 2274162    0    0    0     0       0          0
lxc89a54581a5b2: 82375841351 62432066    0    0    0     0          0         0 59679882069 76572910    0    0    0     0       0          0
lxcaa1aa84c1123: 65760244  674245    0    0    0     0          0         0 75483890  909084    0    0    0     0       0          0
lxc0283ed16e581: 66354936  683258    0    0    0     0          0         0 74943496  900898    0    0    0     0       0          0
lxc3f3adb5a8ebb: 183676140 1918039    0    0    0     0          0         0 181307554 2055161    0    0    0     0       0          0
lxcbc4973214d2a: 183846304 1920617    0    0    0     0          0         0 180339338 2052421    0    0    0     0       0          0
lxc0d72c72965d4: 11270868313 75799123    0    0    0     0          0         0 11714214546 76968030    0    0    0     0       0          0
lxcee6ef03af362: 407499402264 71197455    0    0    0     0          0         0 28206837079 106444580    0    0    0     0       0          0
lxc31aafaa50396: 1433611704 7426533    0    0    0     0          0         0 10630740370 7144353    0    0    0     0       0          0
lxc4f9929831efc: 321596655 1797387    0    0    0     0          0         0 4599460682 1720969    0    0    0     0       0          0
cilium_wg0: 289686541952 507025884    0    0    0     0          0         0 612666104848 643965889  187    7    0     0       0          0
lxc2c70f8a2a17a: 308766974  607466    0    0    0     0          0         0 68148170  702263    0    0    0     0       0          0
lxcce9ceb8326c7: 2819460   41530    0    0    0     0          0         0  2072814   22861    0    0    0     0       0          0
enp0s31f6.110: 31176006469 12256320    0    0    0     0          0         0 6278927346 11178795    0   13    0     0       0          0
lxc9a53f333b597: 14652783321 2698864    0    0    0     0          0         0 4814832012 5114160    0    0    0     0       0          0
lxc6812410fdcd0: 2540603358 11971024    0    0    0     0          0         0 25210912854 11871617    0    0    0     0       0          0
lxc0dafef639efd: 1333798215 5156313    0    0    0     0          0         0 1564434958 9406956    0    0    0     0       0          0
lxcf56a0ea2c663: 15409925  155242    0    0    0     0          0         0 17663842  212677    0    0    0     0       0          0
lxc10ebc990a8b2: 21978674  128041    0    0    0     0          0         0 22951734  118121    0    0    0     0       0          0
lxc_health:  152788    2043    0    0    0     0          0         0   183342    2407    0    0    0     0       0          0
lxc7a5eb017a6c6: 2334569   26625    0    0    0     0          0         0 102592750   36660    0    0    0     0       0          0
=== node 192.168.2.63 ===
Inter-|   Receive                                                |  Transmit
 face |bytes    packets errs drop fifo frame compressed multicast|bytes    packets errs drop fifo colls carrier compressed
    lo: 602678407931 1939469766    0    0    0     0          0         0 602678407931 1939469766    0    0    0     0       0          0
 bond0:       0       0    0    0    0     0          0         0        0       0    0    0    0     0       0          0
dummy0:       0       0    0    0    0     0          0         0        0       0    0    0    0     0       0          0
 teql0:       0       0    0    0    0     0          0         0        0       0    0    0    0     0       0          0
 tunl0:       0       0    0    0    0     0          0         0        0       0    0    0    0     0       0          0
  sit0:       0       0    0    0    0     0          0         0        0       0    0    0    0     0       0          0
ip6tnl0:       0       0    0    0    0     0          0         0        0       0    0    0    0     0       0          0
enp0s31f6: 1313961613241 1933349832 4136623 3950216    0 2068389          0    107888 752466417482 1609022545    0  522    0     0       0          0
cilium_net: 2147048   26092    0    0    0     0          0         0      440       4    0    0    0     0       0          0
cilium_host:     440       4    0    0    0     0          0         0  2147048   26092    0    0    0     0       0          0
cilium_vxlan: 809382960207 388396421    0    0    0     0          0         0 182819198870 349518490    0    0    0     0       0          0
lxc1bb7b04a6656: 1291750165 2277390    0    0    0     0          0         0 257406151 2247528    0    0    0     0       0          0
lxc3644398f7a01: 5056445998 12715453    0    0    0     0          0         0 3257231536 11039775    0    0    0     0       0          0
lxc2d05afcc6131: 389219561 4452237    0    0    0     0          0         0 2353592631 5175305    0    0    0     0       0          0
lxcbee3d4056801: 181217728 1881446    0    0    0     0          0         0 183810812 2099584    0    0    0     0       0          0
lxc3d502978ce09: 312795356 2223543    0    0    0     0          0         0 1114691556 2282884    0    0    0     0       0          0
lxcd5227e79d620: 707109757 6429426    0    0    0     0          0         0 6981111238 6319827    0    0    0     0       0          0
lxc105e075fea81: 14434061374 9144664    0    0    0     0          0         0 1078599995 13297890    0    0    0     0       0          0
lxcb62e90a560b7: 18973198801 9008905    0    0    0     0          0         0 4023231594 12138003    0    0    0     0       0          0
lxcc6e9911be851: 353628249 2216261    0    0    0     0          0         0 4613610880 2161176    0    0    0     0       0          0
cilium_wg0: 646317264636 569262232    0    0    0     0          0         0 166289641160 327390240  673    2    0     0       0          0
lxce1c76b2bc061: 363478463  708503    0    0    0     0          0         0 146227969  821538    0    0    0     0       0          0
enp0s31f6.110: 122785373905 29014591    0    0    0     0          0         0 13015070912 25268628    0   17    0     0       0          0
lxca6d9b20887a4: 4868572361 12063637    0    0    0     0          0         0 32378068635 12564532    0    0    0     0       0          0
lxca8b56b620213: 1334057768 5157746    0    0    0     0          0         0 1564436703 9407139    0    0    0     0       0          0
lxcc3c09589466a: 255576130 1787127    0    0    0     0          0         0 594448959 1513720    0    0    0     0       0          0
lxc95ac610146c8: 15369425  154631    0    0    0     0          0         0 17658543  213061    0    0    0     0       0          0
lxc59b8ca4af766:  894262   11124    0    0    0     0          0         0  1286522   14939    0    0    0     0       0          0
lxc26b1e5cf6d08: 74547707  211919    0    0    0     0          0         0 56767782  173623    0    0    0     0       0          0
lxc_health:  151357    2017    0    0    0     0          0         0   181782    2378    0    0    0     0       0          0
lxcead8d145a4b4: 1977593   22337    0    0    0     0          0         0 100831855   23905    0    0    0     0       0          0
=== node 192.168.2.64 ===
Inter-|   Receive                                                |  Transmit
 face |bytes    packets errs drop fifo frame compressed multicast|bytes    packets errs drop fifo colls carrier compressed
    lo: 12243930259 32300310    0    0    0     0          0         0 12243930259 32300310    0    0    0     0       0          0
 bond0:       0       0    0    0    0     0          0         0        0       0    0    0    0     0       0          0
dummy0:       0       0    0    0    0     0          0         0        0       0    0    0    0     0       0          0
 teql0:       0       0    0    0    0     0          0         0        0       0    0    0    0     0       0          0
 tunl0:       0       0    0    0    0     0          0         0        0       0    0    0    0     0       0          0
  sit0:       0       0    0    0    0     0          0         0        0       0    0    0    0     0       0          0
ip6tnl0:       0       0    0    0    0     0          0         0        0       0    0    0    0     0       0          0
enp0s31f6: 953319440661 1261285344 1716262 4691521    0 858131          0   4541474 721220797504 1124504387    0  451    0     0       0          0
cilium_net: 10166524  139612    0    0    0     0          0         0      440       4    0    0    0     0       0          0
cilium_host:     440       4    0    0    0     0          0         0 10166524  139612    0    0    0     0       0          0
cilium_vxlan: 566159385816 701921216    0    0    0     0          0         0 365090151946 645540706    0    0    0     0       0          0
lxc7d4c37cfe422: 1214525980 2239259    0    0    0     0          0         0 250658703 2150697    0    0    0     0       0          0
lxc1e437a15dc32: 401295941 4439484    0    0    0     0          0         0 2378902237 5498154    0    0    0     0       0          0
lxca2c4ff8154a8: 4872534868 12604792    0    0    0     0          0         0 3244659764 10865783    0    0    0     0       0          0
lxc881b92531812: 85362862866 60345312    0    0    0     0          0         0 58885994735 73603712    0    0    0     0       0          0
lxc16f46d3fad10: 4585782166 19956347    0    0    0     0          0         0 2678672032 20230112    0    0    0     0       0          0
lxc686ab1243e6a: 479489321 5166591    0    0    0     0          0         0 5439057544 4727272    0    0    0     0       0          0
lxc910a81d15ab9: 182580557 1902097    0    0    0     0          0         0 181797567 2069082    0    0    0     0       0          0
lxc8954be441701: 36279031467 213746718    0    0    0     0          0         0 265962845981 212823728    0    0    0     0       0          0
lxca2e9b6bc95e9: 4697098517 21558855    0    0    0     0          0         0 24738077345 20073656    0    0    0     0       0          0
 br-vm:       0       0    0    0    0     0          0         0     6348      62    0    4    0     0       0          0
enp0s31f6.100:       0       0    0    0    0     0          0         0    11654     103    0   20    0     0       0          0
lxc31ef56664320: 357117627 2269906    0    0    0     0          0         0 4605940379 2107331    0    0    0     0       0          0
cilium_wg0: 537878814032 726278075    0    0    0     0          0         0 361137377304 623870837  481    4    0     0       0          0
br-vm.110:       0       0    0    0    0     0          0         0     4514      47    0    0    0     0       0          0
enp033c3e1.110:       0       0    0    0    0     0          0         0     5096      44    0    0    0     0       0          0
enp0s31f6.110: 53020906005 33830045    0    0    0     0          0         0 120639987467 16051757    0 36958    0     0       0          0
br-vm.110.110:       0       0    0    0    0     0          0         0     3152      28    0    0    0     0       0          0
enp04a9f84.110:       0       0    0    0    0     0          0         0        0       0    0   46    0     0       0          0
enp0b8c22a.110:       0       0    0    0    0     0          0         0     4136      36    0    0    0     0       0          0
br-vc5fd6e.110:       0       0    0    0    0     0          0         0     2322      21    0    0    0     0       0          0
br-v672303.110:       0       0    0    0    0     0          0         0     1520      14    0    0    0     0       0          0
enp0941668.110:       0       0    0    0    0     0          0         0     3274      29    0    0    0     0       0          0
enp0b8058c.110:       0       0    0    0    0     0          0         0        0       0    0   38    0     0       0          0
br-v4cf47d.110:       0       0    0    0    0     0          0         0      746       7    0    0    0     0       0          0
enp0090087.110:       0       0    0    0    0     0          0         0     2440      22    0    0    0     0       0          0
enp0676809.110:       0       0    0    0    0     0          0         0        0       0    0   31    0     0       0          0
enp0acb4c9.110:       0       0    0    0    0     0          0         0     1634      15    0    0    0     0       0          0
enp0160fe7.110:       0       0    0    0    0     0          0         0      856       8    0    0    0     0       0          0
enp050cb42.110:       0       0    0    0    0     0          0         0        0       0    0   24    0     0       0          0
enp06ac1c8.110:       0       0    0    0    0     0          0         0        0       0    0   16    0     0       0          0
enp0e7e967.110:       0       0    0    0    0     0          0         0        0       0    0    7    0     0       0          0
lxc2595ed865bc8: 6276912832 54883786    0    0    0     0          0         0 146948998581 53049432    0    0    0     0       0          0
lxc0da4d8f069d6: 439342153 1465370    0    0    0     0          0         0 647538036 1665061    0    0    0     0       0          0
lxc71f84be3a83d: 3076121001 17342608    0    0    0     0          0         0 2003548437 9698110    0    0    0     0       0          0
lxc91f48f213115: 9024937965 1993219    0    0    0     0          0         0 596588236 2665095    0    0    0     0       0          0
lxcb8c0dd9f1e12: 14761410  146768    0    0    0     0          0         0 14261758  160959    0    0    0     0       0          0
lxcb2fc2ce7d1a8: 19720012  173688    0    0    0     0          0         0 20493990  229544    0    0    0     0       0          0
lxc_health:  153666    2054    0    0    0     0          0         0   184574    2418    0    0    0     0       0          0
lxca285ed5b800b:  352342    4805    0    0    0     0          0         0     5030     109    0    0    0     0       0          0
lxced5c4c8eddb6: 2995710   35004    0    0    0     0          0         0 103646514   39817    0    0    0     0       0          0
=== node 192.168.2.65 ===
Inter-|   Receive                                                |  Transmit
 face |bytes    packets errs drop fifo frame compressed multicast|bytes    packets errs drop fifo colls carrier compressed
    lo: 11641376058 31617284    0    0    0     0          0         0 11641376058 31617284    0    0    0     0       0          0
 bond0:       0       0    0    0    0     0          0         0        0       0    0    0    0     0       0          0
dummy0:       0       0    0    0    0     0          0         0        0       0    0    0    0     0       0          0
 teql0:       0       0    0    0    0     0          0         0        0       0    0    0    0     0       0          0
 tunl0:       0       0    0    0    0     0          0         0        0       0    0    0    0     0       0          0
  sit0:       0       0    0    0    0     0          0         0        0       0    0    0    0     0       0          0
ip6tnl0:       0       0    0    0    0     0          0         0        0       0    0    0    0     0       0          0
enp0s31f6: 1161987641293 1173883485    0 4687828    0     0          0   4546011 1379577817145 1367944804    0  458    0     0       0          0
cilium_net: 9441614  139254    0    0    0     0          0         0      440       4    0    0    0     0       0          0
cilium_host:     440       4    0    0    0     0          0         0  9441614  139254    0    0    0     0       0          0
cilium_vxlan: 588222916796 483309548    0    0    0     0          0         0 1145028512328 333201879    0    0    0     0       0          0
lxca18accc24509: 5197616663 12734404    0    0    0     0          0         0 3244687972 10957839    0    0    0     0       0          0
lxc0c54b35e4a6c: 1160205878 2240925    0    0    0     0          0         0 250943376 2151004    0    0    0     0       0          0
lxc355b1a2b1141: 492132161212 20857916    0    0    0     0          0         0 6138919702 82500332    0    0    0     0       0          0
lxc1f2460811cd0: 386300435 4447637    0    0    0     0          0         0 2368400198 5464947    0    0    0     0       0          0
lxccd12c7c9b842: 3281276008 11351117    0    0    0     0          0         0 6812115654 12749273    0    0    0     0       0          0
 br-vm:       0       0    0    0    0     0          0         0     5844      50    0    6    0     0       0          0
enp0s31f6.100:       0       0    0    0    0     0          0         0    10894      89    0   22    0     0       0          0
lxc73304f1831ea: 362042455 2329433    0    0    0     0          0         0 4628254898 2138932    0    0    0     0       0          0
cilium_wg0: 449643839984 542572415    0    0    0     0          0         0 983511555288 848816059    8   13    0     0       0          0
br-vm.110:       0       0    0    0    0     0          0         0     4010      35    0    0    0     0       0          0
enp033c3e1.110:       0       0    0    0    0     0          0         0     4896      42    0    0    0     0       0          0
enp0s31f6.110: 39774758283 10775930    0    0    0     0          0         0 4839924776 9980111    0 36656    0     0       0          0
br-vm.110.110:       0       0    0    0    0     0          0         0     3152      28    0    0    0     0       0          0
enp0b8c22a.110:       0       0    0    0    0     0          0         0     4010      35    0    0    0     0       0          0
br-vc5fd6e.110:       0       0    0    0    0     0          0         0     2322      21    0    0    0     0       0          0
enp04a9f84.110:       0       0    0    0    0     0          0         0        0       0    0   42    0     0       0          0
enp0941668.110:       0       0    0    0    0     0          0         0     3152      28    0    0    0     0       0          0
br-v672303.110:       0       0    0    0    0     0          0         0     1520      14    0    0    0     0       0          0
enp0090087.110:       0       0    0    0    0     0          0         0     2322      21    0    0    0     0       0          0
enp0b8058c.110:       0       0    0    0    0     0          0         0        0       0    0   35    0     0       0          0
br-v4cf47d.110:       0       0    0    0    0     0          0         0      746       7    0    0    0     0       0          0
enp0acb4c9.110:       0       0    0    0    0     0          0         0     1520      14    0    0    0     0       0          0
enp0676809.110:       0       0    0    0    0     0          0         0        0       0    0   28    0     0       0          0
enp0160fe7.110:       0       0    0    0    0     0          0         0      746       7    0    0    0     0       0          0
enp050cb42.110:       0       0    0    0    0     0          0         0        0       0    0   21    0     0       0          0
enp06ac1c8.110:       0       0    0    0    0     0          0         0        0       0    0   14    0     0       0          0
enp0e7e967.110:       0       0    0    0    0     0          0         0        0       0    0    7    0     0       0          0
lxc7eeb665dc5ac: 59160462  384947    0    0    0     0          0         0 57945346  381701    0    0    0     0       0          0
lxcd087007cf821: 24175068  146321    0    0    0     0          0         0 37809414  133997    0    0    0     0       0          0
lxcea8c224b2497: 74326830  213174    0    0    0     0          0         0 56396904  172089    0    0    0     0       0          0
lxc_health:  155902    2091    0    0    0     0          0         0   186762    2459    0    0    0     0       0          0
lxcd7179665444e: 3344010   39156    0    0    0     0          0         0 101096897   36436    0    0    0     0       0          0
=== node 192.168.2.66 ===
Inter-|   Receive                                                |  Transmit
 face |bytes    packets errs drop fifo frame compressed multicast|bytes    packets errs drop fifo colls carrier compressed
    lo: 22737580476 51643544    0    0    0     0          0         0 22737580476 51643544    0    0    0     0       0          0
 bond0:       0       0    0    0    0     0          0         0        0       0    0    0    0     0       0          0
dummy0:       0       0    0    0    0     0          0         0        0       0    0    0    0     0       0          0
 teql0:       0       0    0    0    0     0          0         0        0       0    0    0    0     0       0          0
 tunl0:       0       0    0    0    0     0          0         0        0       0    0    0    0     0       0          0
  sit0:       0       0    0    0    0     0          0         0        0       0    0    0    0     0       0          0
ip6tnl0:       0       0    0    0    0     0          0         0        0       0    0    0    0     0       0          0
enp0s31f6: 1764789896002 2144034657 25537229 4679588    0 12768639          0   5055761 1823836344287 2320928247    0  470    0     0       0          0
cilium_net: 2882969   30858    0    0    0     0          0         0      440       4    0    0    0     0       0          0
cilium_host:     440       4    0    0    0     0          0         0  2882969   30858    0    0    0     0       0          0
cilium_vxlan: 897896519971 992105702    0    0    0     0          0         0 1187744799587 829181017    0    0    0     0       0          0
lxc5d50cb8f0f73: 432128103 4546699    0    0    0     0          0         0 2393066193 5542822    0    0    0     0       0          0
lxc8f71780cb633: 4810483383 12912566    0    0    0     0          0         0 3263488143 10923477    0    0    0     0       0          0
lxcd05cbe3a6a8c: 1414522433 2320610    0    0    0     0          0         0 256467077 2239182    0    0    0     0       0          0
lxc6fdb3c03597e: 2990786835 14364443    0    0    0     0          0         0 14671580935 16707330    0    0    0     0       0          0
lxc37e1791604f7:   51214     633    0    0    0     0          0         0    45217      82    0    0    0     0       0          0
lxc69c423696988: 2270875142 10378837    0    0    0     0          0         0 2890817096 9710296    0    0    0     0       0          0
lxcffc5087ea873: 1676598022 5389941    0    0    0     0          0         0 3675133193 6565725    0    0    0     0       0          0
lxc891ac827e5c5: 767937874 2615694    0    0    0     0          0         0 350112523 2573747    0    0    0     0       0          0
lxca7cc21e3b0d3: 4538320644 19909313    0    0    0     0          0         0 2662093528 20053656    0    0    0     0       0          0
lxc0597e55b5d2d: 6569599629 41329821    0    0    0     0          0         0 9571013748 40895743    0    0    0     0       0          0
lxc7a4dddf6d8f8: 1377504278 10656039    0    0    0     0          0         0 12286708865 9083682    0    0    0     0       0          0
lxc5425dba62274: 17694879413 27446024    0    0    0     0          0         0 32261052867 29839942    0    0    0     0       0          0
lxc3d770ed54e37: 213159538 2114260    0    0    0     0          0         0 204854081 2288890    0    0    0     0       0          0
lxc633dc61afdcb: 40607536989 223517993    0    0    0     0          0         0 39856117238 230187529    0    0    0     0       0          0
lxc6d80d32a754a: 286902809 3470410    0    0    0     0          0         0 412184664 4593043    0    0    0     0       0          0
lxc79607f93bfec: 17486643933 61836484    0    0    0     0          0         0 12397791313 66703180    0    0    0     0       0          0
lxc82e4fc2dd57a: 4241954483 14383106    0    0    0     0          0         0 7161974059 16090592    0    0    0     0       0          0
lxc7244d479e0c1: 1176715518 8771148    0    0    0     0          0         0 568265312 8575209    0    0    0     0       0          0
 br-vm:       0       0    0    0    0     0          0         0     1834      15    0    0    0     0       0          0
enp0s31f6.100:       0       0    0    0    0     0          0         0     1680      12    0   16    0     0       0          0
lxcc3a2fbbe7e85: 3891543796 5438144    0    0    0     0          0         0 2312130208 5252612    0    0    0     0       0          0
lxc10af2e936e62: 398217815 2819766    0    0    0     0          0         0 4691864486 2633296    0    0    0     0       0          0
cilium_wg0: 750300709404 1009907702    0    0    0     0          0         0 1040117667576 1195512140   56   36    0     0       0          0
lxc34f20cd087ce: 1235671235 8922982    0    0    0     0          0         0 6399999114 8778829    0    0    0     0       0          0
lxc63db93ba0fbb: 281555215 3584883    0    0    0     0          0         0 445844330 3876840    0    0    0     0       0          0
lxc787b536dd16c: 366147340 2011196    0    0    0     0          0         0 475088406 1864864    0    0    0     0       0          0
lxc5cb2b6936f65: 358230921 1864407    0    0    0     0          0         0 561921855 1894380    0    0    0     0       0          0
lxcb7da275196ca: 908880431 1620100    0    0    0     0          0         0 558482048 1842675    0    0    0     0       0          0
lxc36823d90374c: 525296143 2782350    0    0    0     0          0         0 3354523376 2940993    0    0    0     0       0          0
lxc747ea6bc2633: 2500717935 1935479    0    0    0     0          0         0 6696705492 2928367    0    0    0     0       0          0
lxc2c3e40d95e0c: 11487601536 96668123    0    0    0     0          0         0 239637988890 86724384    0    0    0     0       0          0
lxc15f36133338d: 301157006  227271    0    0    0     0          0         0 37514056  266002    0    0    0     0       0          0
lxcd694c7daa1b2: 2815436   41474    0    0    0     0          0         0  2069794   22833    0    0    0     0       0          0
enp0s31f6.110: 7878756427 45755154    0    0    0     0          0         2 238208486318 13913982    0    7    0     0       0          0
lxcdd34f07847c1: 4742622559 30756347    0    0    0     0          0         0 3778118223 33177026    0    0    0     0       0          0
lxc0d1765736e3a:    7334     107    0    0    0     0          0         0     1082      15    0    0    0     0       0          0
lxc_health:  152864    2044    0    0    0     0          0         0   183484    2408    0    0    0     0       0          0
lxc7bacad486240: 62554149   71602    0    0    0     0          0         0 54306220   86952    0    0    0     0       0          0
lxc8c3d195e5346: 3504227   40528    0    0    0     0          0         0 102435373   39403    0    0    0     0       0          0
=== node 192.168.2.67 ===
Inter-|   Receive                                                |  Transmit
 face |bytes    packets errs drop fifo frame compressed multicast|bytes    packets errs drop fifo colls carrier compressed
    lo: 75166732  398311    0    0    0     0          0         0 75166732  398311    0    0    0     0       0          0
 bond0:       0       0    0    0    0     0          0         0        0       0    0    0    0     0       0          0
dummy0:       0       0    0    0    0     0          0         0        0       0    0    0    0     0       0          0
 teql0:       0       0    0    0    0     0          0         0        0       0    0    0    0     0       0          0
 tunl0:       0       0    0    0    0     0          0         0        0       0    0    0    0     0       0          0
  sit0:       0       0    0    0    0     0          0         0        0       0    0    0    0     0       0          0
ip6tnl0:       0       0    0    0    0     0          0         0        0       0    0    0    0     0       0          0
enp4s0:       0       0    0    0    0     0          0         0        0       0    0    0    0     0       0          0
enp0s20f0u2: 208114678  850117    0 65338    0     0          0         0 704759303 1068580    0    2    0     0       0          0
cilium_wg0: 48751480  228290    0    0    0     0          0         0 124037480  294888    0    0    0     0       0          0
cilium_net: 2441582    3510    0    0    0     0          0         0      440       4    0    0    0     0       0          0
cilium_host:     440       4    0    0    0     0          0         0  2441582    3510    0    0    0     0       0          0
cilium_vxlan: 28148997  220788    0    0    0     0          0         0 95692266  249769    0    0    0     0       0          0
lxc30cde45fed29: 65190869   83270    0    0    0     0          0         0  9095389   95558    0    0    0     0       0          0
lxc7887d62cecf6:    1706      23    0    0    0     0          0         0      746       7    0    0    0     0       0          0
lxc49c4e0d77ade:  315268    3823    0    0    0     0          0         0   572803    3311    0    0    0     0       0          0
lxcceec5ec7aef3: 17551151   37230    0    0    0     0          0         0  8515475   39258    0    0    0     0       0          0
lxc51f5a64b0f1e: 6578801   73136    0    0    0     0          0         0 39157819   86587    0    0    0     0       0          0
lxcc92e422ac4c6: 76558206  181716    0    0    0     0          0         0 23825256  152966    0    0    0     0       0          0
lxc4bd55837706f: 1846534   16344    0    0    0     0          0         0  1474506   16451    0    0    0     0       0          0
lxc_health:  150975    2015    0    0    0     0          0         0   181391    2373    0    0    0     0       0          0
