=== node 192.168.2.61 ===
Inter-|   Receive                                                |  Transmit
 face |bytes    packets errs drop fifo frame compressed multicast|bytes    packets errs drop fifo colls carrier compressed
    lo: 825475190 1697980    0    0    0     0          0         0 825475190 1697980    0    0    0     0       0          0
 bond0:       0       0    0    0    0     0          0         0        0       0    0    0    0     0       0          0
dummy0:       0       0    0    0    0     0          0         0        0       0    0    0    0     0       0          0
 teql0:       0       0    0    0    0     0          0         0        0       0    0    0    0     0       0          0
 tunl0:       0       0    0    0    0     0          0         0        0       0    0    0    0     0       0          0
  sit0:       0       0    0    0    0     0          0         0        0       0    0    0    0     0       0          0
ip6tnl0:       0       0    0    0    0     0          0         0        0       0    0    0    0     0       0          0
enp0s31f6: 2094392060 3530440    0 1568    0     0          0       598 8609898812 6949640    0    4    0     0       0          0
enp0s31f6.110: 588124240 1550145    0    0    0     0          0        10 7402296839  601783    0    0    0     0       0          0
cilium_wg0: 114504592  147758    0    0    0     0          0         0 98170448  137934    0   27    0     0       0          0
cilium_net:  287560    3884    0    0    0     0          0         0      440       4    0    0    0     0       0          0
cilium_host:     440       4    0    0    0     0          0         0   287560    3884    0    0    0     0       0          0
cilium_vxlan: 99079547  101813    0    0    0     0          0         0 83304420   87353    0    0    0     0       0          0
lxc_health:   19761     260    0    0    0     0          0         0    24523     313    0    0    0     0       0          0
lxcea99778c13cf:   82454    1121    0    0    0     0          0         0     1460      24    0    0    0     0       0          0
lxcceb47bf2c0e3:   73657     859    0    0    0     0          0         0  3244220    1033    0    0    0     0       0          0
lxc0b53f592482d:  101104    1166    0    0    0     0          0         0  8582977    1415    0    0    0     0       0          0
lxc164d2c7a8500: 5303068    6918    0    0    0     0          0         0 22991287   10808    0    0    0     0       0          0
lxc5f4afe555475:   80389     733    0    0    0     0          0         0    91469     930    0    0    0     0       0          0
lxc89d521c75381: 1123147    9913    0    0    0     0          0         0 21618072    9969    0    0    0     0       0          0
lxc6e7d9dd46770:  136458     796    0    0    0     0          0         0    76488     900    0    0    0     0       0          0
lxcd125ff31fb51:  124158    1196    0    0    0     0          0         0  3302838     776    0    0    0     0       0          0
lxcb7187346744c:    1006      13    0    0    0     0          0         0      746       7    0    0    0     0       0          0
lxccaf53f8bfc28: 1122780    4348    0    0    0     0          0         0  5624979    4354    0    0    0     0       0          0
lxc23826c8cbf19:  542019    5561    0    0    0     0          0         0 16520503    4977    0    0    0     0       0          0
lxc8ca21fc0caba:  380388    1365    0    0    0     0          0         0  4325213    2063    0    0    0     0       0          0
lxc2685546a22f1:  417582    3301    0    0    0     0          0         0  7187548    2877    0    0    0     0       0          0
lxcdcfd3a13011c: 1479334    1975    0    0    0     0          0         0  1315431    2268    0    0    0     0       0          0
lxcad82ebfa4bfd:  122003    1298    0    0    0     0          0         0   169727    1093    0    0    0     0       0          0
lxce1bd09d95ff9: 79511413   31177    0    0    0     0          0         0 47862045   37441    0    0    0     0       0          0
lxc0f7b1c24f9d1: 17631607   10703    0    0    0     0          0         0  9714864   12553    0    0    0     0       0          0
lxc36ce4d61f05d:  503148    4105    0    0    0     0          0         0  9424086    4417    0    0    0     0       0          0
lxc6d76163e80b3:  881187    8144    0    0    0     0          0         0 25968189    8961    0    0    0     0       0          0
lxcc441eaa3074a: 3960495    2015    0    0    0     0          0         0   430475    2815    0    0    0     0       0          0
lxcaeb2a7c40422:  800312    6644    0    0    0     0          0         0 16444754    7163    0    0    0     0       0          0
lxc739553b8e188: 1490245    2183    0    0    0     0          0         0   318317    1962    0    0    0     0       0          0
lxc5413d9b804c0:  782447    3397    0    0    0     0          0         0  2387277    3306    0    0    0     0       0          0
lxc35f7ac285d1c:  343900    2678    0    0    0     0          0         0   541499    2694    0    0    0     0       0          0
lxc87ae6d7914cc:  120168    1435    0    0    0     0          0         0   170725    1852    0    0    0     0       0          0
lxcba19556d4700:  640823    4343    0    0    0     0          0         0  6449539    3480    0    0    0     0       0          0
lxc146b7c4cb77f:  591146    3722    0    0    0     0          0         0  2877450    3941    0    0    0     0       0          0
lxce86c8be7f8d4:    1006      13    0    0    0     0          0         0      746       7    0    0    0     0       0          0
lxccc7a56f2c57f: 1510566    6441    0    0    0     0          0         0 11796162    5069    0    0    0     0       0          0
lxc4979a4575236: 2691385    8533    0    0    0     0          0         0 16297527    8158    0    0    0     0       0          0
lxca873ff9982b0:   20196      74    0    0    0     0          0         0     5611      79    0    0    0     0       0          0
lxc9d4cc3044772:  557258    1831    0    0    0     0          0         0   403412    2045    0    0    0     0       0          0
lxc1f02bb113c3f:  300527    1299    0    0    0     0          0         0   918578    1428    0    0    0     0       0          0
lxcea0a42bade17: 7505366   74051    0    0    0     0          0         0 196319683   67311    0    0    0     0       0          0
lxc38c90f698ac4: 11211360   14010    0    0    0     0          0         0  9045954   16213    0    0    0     0       0          0
lxc752003eb269e: 7476108    2556    0    0    0     0          0         0   331601    2416    0    0    0     0       0          0
lxc11402a2cbf13: 1349750    9608    0    0    0     0          0         0  1380119    9754    0    0    0     0       0          0
lxcfd4db2511f7d: 3848101   26042    0    0    0     0          0         0  3360789   28336    0    0    0     0       0          0
lxcafd910eb5993:  732251    2260    0    0    0     0          0         0  1201369    2640    0    0    0     0       0          0

=== node 192.168.2.62 ===
Inter-|   Receive                                                |  Transmit
 face |bytes    packets errs drop fifo frame compressed multicast|bytes    packets errs drop fifo colls carrier compressed
    lo: 697487901 1379728    0    0    0     0          0         0 697487901 1379728    0    0    0     0       0          0
 bond0:       0       0    0    0    0     0          0         0        0       0    0    0    0     0       0          0
dummy0:       0       0    0    0    0     0          0         0        0       0    0    0    0     0       0          0
 teql0:       0       0    0    0    0     0          0         0        0       0    0    0    0     0       0          0
 tunl0:       0       0    0    0    0     0          0         0        0       0    0    0    0     0       0          0
  sit0:       0       0    0    0    0     0          0         0        0       0    0    0    0     0       0          0
ip6tnl0:       0       0    0    0    0     0          0         0        0       0    0    0    0     0       0          0
enp0s31f6: 4887702735 4966538    0 1482    0     0          0      1739 5874429943 5384885    0    3    0     0       0          0
enp0s31f6.110: 1864528923 1528100    0    0    0     0          0         8 4324837917  802942    0    0    0     0       0          0
cilium_wg0: 161183360  177461    0    0    0     0          0         0 134250520  155823    0   16    0     0       0          0
cilium_net:   12650     169    0    0    0     0          0         0      440       4    0    0    0     0       0          0
cilium_host:     440       4    0    0    0     0          0         0    12650     169    0    0    0     0       0          0
cilium_vxlan: 141923958  107340    0    0    0     0          0         0 116770986   83114    0    0    0     0       0          0
lxc_health:   18711     249    0    0    0     0          0         0    23000     297    0    0    0     0       0          0
lxc21fcb4740c28:   59237     612    0    0    0     0          0         0    62895     724    0    0    0     0       0          0
lxc68e43c1e3d1c:   43088     428    0    0    0     0          0         0    44647     499    0    0    0     0       0          0
lxcb76f5ea19673:  393654    1023    0    0    0     0          0         0   297841    1049    0    0    0     0       0          0
lxc705f09f0c32f:  478689    3831    0    0    0     0          0         0 19031893    4962    0    0    0     0       0          0
lxc58c34a833aa8:   73107     650    0    0    0     0          0         0    84228     834    0    0    0     0       0          0
lxcef5ba70b5db0:   13180     157    0    0    0     0          0         0    33817     146    0    0    0     0       0          0
lxc62db926113cd: 1624216    7574    0    0    0     0          0         0 14122640    8552    0    0    0     0       0          0
lxc9b7c9251ef1f:  367321    1161    0    0    0     0          0         0  4291622    1554    0    0    0     0       0          0
lxc45f02aa68614: 9314174   19078    0    0    0     0          0         0 38321853   28600    0    0    0     0       0          0
lxcd483b52f70a2:    1006      13    0    0    0     0          0         0      746       7    0    0    0     0       0          0
lxc7c8cfac0dd21: 2820971   15354    0    0    0     0          0         0 33544950   14451    0    0    0     0       0          0
lxc2114efc3e0fb:   75360     686    0    0    0     0          0         0   112386     775    0    0    0     0       0          0
lxc395605be3c98:    3996      56    0    0    0     0          0         0     4170      41    0    0    0     0       0          0
lxcc239679b262b: 2800072   13392    0    0    0     0          0         0  2474647   13514    0    0    0     0       0          0
lxcbadcd8b48012:   56516     582    0    0    0     0          0         0    60584     696    0    0    0     0       0          0
lxcf692f2966c3a: 9774384   23458    0    0    0     0          0         0 54743934   26148    0    0    0     0       0          0
lxcb2b683b3795e: 4311984    7737    0    0    0     0          0         0  3116949   10605    0    0    0     0       0          0
lxc9988cbd74ee5: 69201152   19146    0    0    0     0          0         0 66360888   36325    0    0    0     0       0          0
lxcd2db8c2b52ee:  641429    2441    0    0    0     0          0         0  5523317    1757    0    0    0     0       0          0
lxca7cad674aee4: 2785170   13454    0    0    0     0          0         0  2590725   13627    0    0    0     0       0          0
lxcf00ada10eeea: 1167126    2041    0    0    0     0          0         0   745616    2411    0    0    0     0       0          0
lxc368002dd207e:  308843    1282    0    0    0     0          0         0   624408    1279    0    0    0     0       0          0
lxc6a4e53d79f96:  442030    5053    0    0    0     0          0         0   594002    5416    0    0    0     0       0          0
lxcbeb363f9c355:  366981    1355    0    0    0     0          0         0  1939546    1501    0    0    0     0       0          0
lxc2c78b72216f2:  281666    2990    0    0    0     0          0         0  6637647    2591    0    0    0     0       0          0
lxcdee8e7cc2169:  286064    2389    0    0    0     0          0         0  6342177    2526    0    0    0     0       0          0
lxc0624f3eac807: 1943045   12146    0    0    0     0          0         0  3340290   12226    0    0    0     0       0          0
lxc8e375e90f3f1:  611166    3893    0    0    0     0          0         0  1151767    3228    0    0    0     0       0          0
lxcc3844220eaa5:  878542    1556    0    0    0     0          0         0   977573    1839    0    0    0     0       0          0
lxca6dc2c6253a5:   62653     521    0    0    0     0          0         0   124900     481    0    0    0     0       0          0
lxcd24fad72aa20:   67658     374    0    0    0     0          0         0    87860     384    0    0    0     0       0          0
lxc8bd1775cbc30:  263329     292    0    0    0     0          0         0   208062     346    0    0    0     0       0          0
lxc9e48ff663bde:  268421     657    0    0    0     0          0         0    74601     784    0    0    0     0       0          0
lxc6dc4ee79b95b: 1179439    1627    0    0    0     0          0         0   244642    1533    0    0    0     0       0          0
lxc3dd2a373f57d: 2977008    1516    0    0    0     0          0         0   161274    2142    0    0    0     0       0          0
lxcc0e12b91dec1:  495300    1869    0    0    0     0          0         0  3142769    2438    0    0    0     0       0          0
lxca2e547099bdd:  458374    3355    0    0    0     0          0         0   237294    3346    0    0    0     0       0          0
lxc1a6afd8de727:  110282    1172    0    0    0     0          0         0   159084     963    0    0    0     0       0          0
lxc5ce7b377f383: 12244909   13085    0    0    0     0          0         0 10180175   15515    0    0    0     0       0          0
lxc59b3563a5c66: 1769140    6312    0    0    0     0          0         0  1946878   10471    0    0    0     0       0          0
lxcc286f9c6a55c: 12464582    4619    0    0    0     0          0         0 15769789    6937    0    0    0     0       0          0
lxce5e2f34aeab4:   18394     181    0    0    0     0          0         0    24061     216    0    0    0     0       0          0
lxc01bdb3204376:  592064    2057    0    0    0     0          0         0   434527    2224    0    0    0     0       0          0
lxce989bd20c693: 7427263   71862    0    0    0     0          0         0 214359180   69658    0    0    0     0       0          0
lxcf8c1c2b1cb68: 1613498    4331    0    0    0     0          0         0  1858939    4879    0    0    0     0       0          0
lxc0737ac0b92ab:  273626    1150    0    0    0     0          0         0  1022264    1275    0    0    0     0       0          0

=== node 192.168.2.63 ===
Inter-|   Receive                                                |  Transmit
 face |bytes    packets errs drop fifo frame compressed multicast|bytes    packets errs drop fifo colls carrier compressed
    lo: 797443248 1700278    0    0    0     0          0         0 797443248 1700278    0    0    0     0       0          0
 bond0:       0       0    0    0    0     0          0         0        0       0    0    0    0     0       0          0
dummy0:       0       0    0    0    0     0          0         0        0       0    0    0    0     0       0          0
 teql0:       0       0    0    0    0     0          0         0        0       0    0    0    0     0       0          0
 tunl0:       0       0    0    0    0     0          0         0        0       0    0    0    0     0       0          0
  sit0:       0       0    0    0    0     0          0         0        0       0    0    0    0     0       0          0
ip6tnl0:       0       0    0    0    0     0          0         0        0       0    0    0    0     0       0          0
enp0s31f6: 8057197262 6644686    0 1333    0     0          0       487 3588500161 4314608    0    4    0     0       0          0
enp0s31f6.110: 6040860232 1332103    0    0    0     0          0         8 1050031715 1255691    0    0    0     0       0          0
cilium_wg0: 124738216  167646    0    0    0     0          0         0 167325484  195454    0   20    0     0       0          0
cilium_net:    5620      74    0    0    0     0          0         0      440       4    0    0    0     0       0          0
cilium_host:     440       4    0    0    0     0          0         0     5620      74    0    0    0     0       0          0
cilium_vxlan: 107298469  118325    0    0    0     0          0         0 145117653  100071    0    0    0     0       0          0
lxc_health:   19995     264    0    0    0     0          0         0    24734     318    0    0    0     0       0          0
lxcd88afd7b39b8:  703181    5159    0    0    0     0          0         0 23348895    5947    0    0    0     0       0          0
lxc452f0f1b23b7: 1457890    2148    0    0    0     0          0         0   315573    1944    0    0    0     0       0          0
lxc612807dbfb2c: 17195071   14685    0    0    0     0          0         0 27804043   16774    0    0    0     0       0          0
lxcaa6e533e2a06: 4372931   23493    0    0    0     0          0         0 33196072   21437    0    0    0     0       0          0
lxc0ae41f9cf042: 10924937   43709    0    0    0     0          0         0 99008292   46450    0    0    0     0       0          0
lxc99f7fe547f24:   66268     446    0    0    0     0          0         0    88465     316    0    0    0     0       0          0
lxcf4fc9a7942e9: 3992518    9179    0    0    0     0          0         0 18147021    9134    0    0    0     0       0          0
lxc80025bc2b93e:  113413     822    0    0    0     0          0         0   466354     853    0    0    0     0       0          0
lxcd953527bd3a2: 3284041   24924    0    0    0     0          0         0  3068055   22997    0    0    0     0       0          0
lxc6a6fa5ee3e94:   61451     637    0    0    0     0          0         0    63603     728    0    0    0     0       0          0
lxcb4a4b2d0eb25:  346747    1270    0    0    0     0          0         0  4329118    2160    0    0    0     0       0          0
lxc56fbc905554f: 6240138   25221    0    0    0     0          0         0 29481858   24503    0    0    0     0       0          0
lxcccc55a2e761e: 1127687    7722    0    0    0     0          0         0  9801255    8458    0    0    0     0       0          0
lxcccfc30b68055:  375463    1810    0    0    0     0          0         0   386487    1569    0    0    0     0       0          0
lxc2b7a41083a40:   56715     534    0    0    0     0          0         0   236322     598    0    0    0     0       0          0
lxc962f1a028b1c:  936326    1786    0    0    0     0          0         0  9120932    2815    0    0    0     0       0          0
lxcfd29c26e424d:    3312      48    0    0    0     0          0         0     3318      35    0    0    0     0       0          0
lxc3c1a3ef5cae6:   61293     639    0    0    0     0          0         0    62052     706    0    0    0     0       0          0
lxcf0d9b3441d88:  796789    3599    0    0    0     0          0         0  6744230    4369    0    0    0     0       0          0
lxccc9011bd0a7a: 1207821    9690    0    0    0     0          0         0 31786246   11210    0    0    0     0       0          0
lxcc5e56490daf5: 1360962    3390    0    0    0     0          0         0  1886525    3476    0    0    0     0       0          0
lxca865fe743485: 4216138    6398    0    0    0     0          0         0  8028256    7097    0    0    0     0       0          0
lxc1850dd2278d4:   73454    1005    0    0    0     0          0         0     2006      37    0    0    0     0       0          0
lxc5e496e07bbe9: 78353037   15721    0    0    0     0          0         0 33639181   29082    0    0    0     0       0          0
lxc52388ec238f8: 3956013   30486    0    0    0     0          0         0  4549365   28570    0    0    0     0       0          0
lxccf6b0b073efc:    1006      13    0    0    0     0          0         0      746       7    0    0    0     0       0          0
lxca484d36b8540:   73241     649    0    0    0     0          0         0    85485     817    0    0    0     0       0          0
lxc4caa59d9ac20: 37227579   48540    0    0    0     0          0         0 147906163   56213    0    0    0     0       0          0
lxcd0852c52389b:  878659    1591    0    0    0     0          0         0  1030869    1774    0    0    0     0       0          0
lxca57fa0cb7f7c:  360426    2724    0    0    0     0          0         0  6513718    2464    0    0    0     0       0          0
lxcbab49d061a92:  606342    2208    0    0    0     0          0         0   461293    2406    0    0    0     0       0          0
lxc1bd6e25c52d0: 5633174   29501    0    0    0     0          0         0  3864638   32857    0    0    0     0       0          0
lxce99377ab1174:   48344     322    0    0    0     0          0         0    53048     365    0    0    0     0       0          0
lxcca712e683cde: 1460082   10428    0    0    0     0          0         0  1477650   10567    0    0    0     0       0          0
lxcf360eb8b4159: 7040970   10426    0    0    0     0          0         0  6057374   10726    0    0    0     0       0          0

=== node 192.168.2.64 ===
Inter-|   Receive                                                |  Transmit
 face |bytes    packets errs drop fifo frame compressed multicast|bytes    packets errs drop fifo colls carrier compressed
    lo: 17463166   19041    0    0    0     0          0         0 17463166   19041    0    0    0     0       0          0
 bond0:       0       0    0    0    0     0          0         0        0       0    0    0    0     0       0          0
dummy0:       0       0    0    0    0     0          0         0        0       0    0    0    0     0       0          0
 teql0:       0       0    0    0    0     0          0         0        0       0    0    0    0     0       0          0
 tunl0:       0       0    0    0    0     0          0         0        0       0    0    0    0     0       0          0
  sit0:       0       0    0    0    0     0          0         0        0       0    0    0    0     0       0          0
ip6tnl0:       0       0    0    0    0     0          0         0        0       0    0    0    0     0       0          0
enp0s31f6: 315304103  262641    0 1255    0     0          0      2210 55759425  134088    0    1    0     0       0          0
 br-vm:     168       3    0    0    0     0          0         3     1386      15    0    2    0     0       0          0
enp0s31f6.100:     168       3    0    0    0     0          0         3     2132      22    0    0    0     0       0          0
enp0s31f6.110: 245651724   67517    0    0    0     0          0         6 32379836   76510    0    0    0     0       0          0
cilium_wg0: 7037260   11406    0    0    0     0          0         0  9361472   13122    0    5    0     0       0          0
cilium_net:    1254      15    0    0    0     0          0         0      440       4    0    0    0     0       0          0
cilium_host:     440       4    0    0    0     0          0         0     1254      15    0    0    0     0       0          0
cilium_vxlan: 5918560    9368    0    0    0     0          0         0  7974355    8801    0    0    0     0       0          0
lxc_health:   17181     227    0    0    0     0          0         0    21379     274    0    0    0     0       0          0
lxc456bfa359a9d:  634733    6040    0    0    0     0          0         0 17347550    6109    0    0    0     0       0          0
lxce69737785fe3:  283173    1279    0    0    0     0          0         0  4326879    2079    0    0    0     0       0          0
lxc755b58d92bde:  669179    1415    0    0    0     0          0         0   840352    1657    0    0    0     0       0          0
lxc512cc86ab54f: 1074124    1803    0    0    0     0          0         0   258659    1648    0    0    0     0       0          0
lxc3e6fe4fd6f31:  310594    2141    0    0    0     0          0         0  5795649    2303    0    0    0     0       0          0
lxcff7bfe40d39b: 7822820    7940    0    0    0     0          0         0  5897051    8944    0    0    0     0       0          0

=== node 192.168.2.65 ===
Inter-|   Receive                                                |  Transmit
 face |bytes    packets errs drop fifo frame compressed multicast|bytes    packets errs drop fifo colls carrier compressed
    lo: 20295083   17948    0    0    0     0          0         0 20295083   17948    0    0    0     0       0          0
 bond0:       0       0    0    0    0     0          0         0        0       0    0    0    0     0       0          0
dummy0:       0       0    0    0    0     0          0         0        0       0    0    0    0     0       0          0
 teql0:       0       0    0    0    0     0          0         0        0       0    0    0    0     0       0          0
 tunl0:       0       0    0    0    0     0          0         0        0       0    0    0    0     0       0          0
  sit0:       0       0    0    0    0     0          0         0        0       0    0    0    0     0       0          0
ip6tnl0:       0       0    0    0    0     0          0         0        0       0    0    0    0     0       0          0
enp0s31f6: 553835227  428863    0  806    0     0          0      1379 82359966  178213    0    2    0     0       0          0
 br-vm:     224       4    0    0    0     0          0         4      826       7    0    2    0     0       0          0
enp0s31f6.100:     224       4    0    0    0     0          0         4     1572      14    0    0    0     0       0          0
enp0s31f6.110: 492872054   98056    0    0    0     0          0         3 57034448  103794    0    0    0     0       0          0
cilium_wg0: 7895156   17428    0    0    0     0          0         0 10614060   25458    0   11    0     0       0          0
cilium_net:    1674      21    0    0    0     0          0         0      440       4    0    0    0     0       0          0
cilium_host:     440       4    0    0    0     0          0         0     1674      21    0    0    0     0       0          0
cilium_vxlan: 6258177   16064    0    0    0     0          0         0  8136599   22315    0    0    0     0       0          0
lxc_health:   15130     201    0    0    0     0          0         0    18900     244    0    0    0     0       0          0
lxc8af25c2d160e:  269169    3130    0    0    0     0          0         0  8300540    3049    0    0    0     0       0          0
lxca13443d0e87e:  823333    1038    0    0    0     0          0         0   690413    1258    0    0    0     0       0          0
lxcf921c8d91cb1:  780443    1458    0    0    0     0          0         0   233424    1301    0    0    0     0       0          0
lxc7a37c3a3abe3:  288792    2168    0    0    0     0          0         0  5574139    2292    0    0    0     0       0          0
lxcc3c8442020b7:  242244    1153    0    0    0     0          0         0  4288556    1638    0    0    0     0       0          0
lxcb8dc4143604b: 3170003   16460    0    0    0     0          0         0  1981683    9506    0    0    0     0       0          0
lxc3f59e3f3a165: 5377876    5905    0    0    0     0          0         0  4571626    7155    0    0    0     0       0          0

=== node 192.168.2.66 ===
Inter-|   Receive                                                |  Transmit
 face |bytes    packets errs drop fifo frame compressed multicast|bytes    packets errs drop fifo colls carrier compressed
    lo: 19546833   18668    0    0    0     0          0         0 19546833   18668    0    0    0     0       0          0
 bond0:       0       0    0    0    0     0          0         0        0       0    0    0    0     0       0          0
dummy0:       0       0    0    0    0     0          0         0        0       0    0    0    0     0       0          0
 teql0:       0       0    0    0    0     0          0         0        0       0    0    0    0     0       0          0
 tunl0:       0       0    0    0    0     0          0         0        0       0    0    0    0     0       0          0
  sit0:       0       0    0    0    0     0          0         0        0       0    0    0    0     0       0          0
ip6tnl0:       0       0    0    0    0     0          0         0        0       0    0    0    0     0       0          0
enp0s31f6: 4097260211 2991029    0  810    0     0          0      1381 252927623 1080620    0    1    0     0       0          0
 br-vm:     112       2    0    0    0     0          0         2     1230      13    0    5    0     0       0          0
enp0s31f6.100:     112       2    0    0    0     0          0         2     1976      20    0    0    0     0       0          0
enp0s31f6.110: 3872357558  834187    0    0    0     0          0         3 211089877  970190    0    0    0     0       0          0
cilium_wg0: 15557072   26062    0    0    0     0          0         0 10664704   19532    0    0    0     0       0          0
cilium_net:    5374      71    0    0    0     0          0         0      440       4    0    0    0     0       0          0
cilium_host:     440       4    0    0    0     0          0         0     5374      71    0    0    0     0       0          0
cilium_vxlan: 12968976   21304    0    0    0     0          0         0  8710309   15470    0    0    0     0       0          0
lxc_health:   12926     173    0    0    0     0          0         0    16192     210    0    0    0     0       0          0
lxc9baa1adfa88b:  267769    1111    0    0    0     0          0         0  4274460    1410    0    0    0     0       0          0
lxc9a8545fc3c07:  590144    3283    0    0    0     0          0         0  9065784    3255    0    0    0     0       0          0
lxc6fff1d225829:  776241    1536    0    0    0     0          0         0   234005    1372    0    0    0     0       0          0
lxcad3fbfed3d59:  640360    1009    0    0    0     0          0         0   686776    1196    0    0    0     0       0          0
lxc07ff412c7261:  333284    2803    0    0    0     0          0         0  5499403    2190    0    0    0     0       0          0
lxcfa485abaaf3a: 1355627    5105    0    0    0     0          0         0  1592115    9066    0    0    0     0       0          0
lxcb21da9c3a620: 7530439    9425    0    0    0     0          0         0  6157552   10750    0    0    0     0       0          0

=== node 192.168.2.67 ===
Inter-|   Receive                                                |  Transmit
 face |bytes    packets errs drop fifo frame compressed multicast|bytes    packets errs drop fifo colls carrier compressed
    lo: 9115545   11158    0    0    0     0          0         0  9115545   11158    0    0    0     0       0          0
 bond0:       0       0    0    0    0     0          0         0        0       0    0    0    0     0       0          0
dummy0:       0       0    0    0    0     0          0         0        0       0    0    0    0     0       0          0
 teql0:       0       0    0    0    0     0          0         0        0       0    0    0    0     0       0          0
 tunl0:       0       0    0    0    0     0          0         0        0       0    0    0    0     0       0          0
  sit0:       0       0    0    0    0     0          0         0        0       0    0    0    0     0       0          0
ip6tnl0:       0       0    0    0    0     0          0         0        0       0    0    0    0     0       0          0
enp4s0:       0       0    0    0    0     0          0         0        0       0    0    0    0     0       0          0
enp0s20f0u2: 18673053   24050    0  700    0     0          0         0  9407026   18575    0    0    0     0       0          0
cilium_wg0:  514228    2302    0    0    0     0          0         0  1343004    2986    0    0    0     0       0          0
cilium_net:     440       4    0    0    0     0          0         0      440       4    0    0    0     0       0          0
cilium_host:     440       4    0    0    0     0          0         0      440       4    0    0    0     0       0          0
cilium_vxlan:  305253    2224    0    0    0     0          0         0  1052837    2511    0    0    0     0       0          0
lxc_health:   14973     197    0    0    0     0          0         0    18729     239    0    0    0     0       0          0
lxcf96e6a36a4d9:     936      12    0    0    0     0          0         0      746       7    0    0    0     0       0          0
lxcbe18d68ed84c:  749992     966    0    0    0     0          0         0   102826    1073    0    0    0     0       0          0
lxcd0bbdef8ff72:   11750     102    0    0    0     0          0         0   139296     105    0    0    0     0       0          0
lxcc79c047f2130:  458167     998    0    0    0     0          0         0   629629    1150    0    0    0     0       0          0
lxc8139de86976d:  852480    1735    0    0    0     0          0         0   252985    1505    0    0    0     0       0          0
lxcc50e6e45f902:  235959     990    0    0    0     0          0         0  4383313    3053    0    0    0     0       0          0
lxc54e5a8d09559:   24280     227    0    0    0     0          0         0    27157     222    0    0    0     0       0          0

